["F'", "L'", 'R', "F'", 'F', 'D2', "R'", "F'", "B'", 'U2']
Solutions ['U2', 'B', 'F', 'R', 'D2', "F'", 'F', "R'", 'L', 'F']
[[[0 0 0]
  [0 0 0]
  [0 0 0]]

 [[1 1 1]
  [1 1 1]
  [1 1 1]]

 [[2 2 2]
  [2 2 2]
  [2 2 2]]

 [[3 3 3]
  [3 3 3]
  [3 3 3]]

 [[4 4 4]
  [4 4 4]
  [4 4 4]]

 [[5 5 5]
  [5 5 5]
  [5 5 5]]]
[0. 0. 0. 0. 0. 1. 0. 0. 0. 0. 0. 0. 0. 0. 0. 0. 0. 0.]
[[[0 0 0]
  [0 0 0]
  [0 0 0]]

 [[1 1 1]
  [1 1 1]
  [1 1 1]]

 [[2 2 2]
  [2 2 2]
  [2 2 2]]

 [[3 3 3]
  [3 3 3]
  [3 3 3]]

 [[4 4 4]
  [4 4 4]
  [4 4 4]]

 [[5 5 5]
  [5 5 5]
  [5 5 5]]]
[0. 0. 0. 0. 0. 0. 0. 0. 0. 0. 0. 0. 1. 0. 0. 0. 0. 0.]
[[[0 0 0]
  [0 0 0]
  [0 0 0]]

 [[1 1 1]
  [1 1 1]
  [1 1 1]]

 [[2 2 2]
  [2 2 2]
  [2 2 2]]

 [[3 3 3]
  [3 3 3]
  [3 3 3]]

 [[4 4 4]
  [4 4 4]
  [4 4 4]]

 [[5 5 5]
  [5 5 5]
  [5 5 5]]]
[0. 0. 0. 0. 0. 0. 1. 0. 0. 0. 0. 0. 0. 0. 0. 0. 0. 0.]
[[[0 0 0]
  [0 0 0]
  [0 0 0]]

 [[1 1 1]
  [1 1 1]
  [1 1 1]]

 [[2 2 2]
  [2 2 2]
  [2 2 2]]

 [[3 3 3]
  [3 3 3]
  [3 3 3]]

 [[4 4 4]
  [4 4 4]
  [4 4 4]]

 [[5 5 5]
  [5 5 5]
  [5 5 5]]]
[1. 0. 0. 0. 0. 0. 0. 0. 0. 0. 0. 0. 0. 0. 0. 0. 0. 0.]
[[[0 0 0]
  [0 0 0]
  [0 0 0]]

 [[1 1 1]
  [1 1 1]
  [1 1 1]]

 [[2 2 2]
  [2 2 2]
  [2 2 2]]

 [[3 3 3]
  [3 3 3]
  [3 3 3]]

 [[4 4 4]
  [4 4 4]
  [4 4 4]]

 [[5 5 5]
  [5 5 5]
  [5 5 5]]]
[0. 0. 0. 0. 0. 0. 0. 0. 0. 0. 0. 1. 0. 0. 0. 0. 0. 0.]
[[[0 0 0]
  [0 0 0]
  [0 0 0]]

 [[1 1 1]
  [1 1 1]
  [1 1 1]]

 [[2 2 2]
  [2 2 2]
  [2 2 2]]

 [[3 3 3]
  [3 3 3]
  [3 3 3]]

 [[4 4 4]
  [4 4 4]
  [4 4 4]]

 [[5 5 5]
  [5 5 5]
  [5 5 5]]]
[0. 0. 0. 0. 0. 0. 0. 1. 0. 0. 0. 0. 0. 0. 0. 0. 0. 0.]
[[[0 0 0]
  [0 0 0]
  [0 0 0]]

 [[1 1 1]
  [1 1 1]
  [1 1 1]]

 [[2 2 2]
  [2 2 2]
  [2 2 2]]

 [[3 3 3]
  [3 3 3]
  [3 3 3]]

 [[4 4 4]
  [4 4 4]
  [4 4 4]]

 [[5 5 5]
  [5 5 5]
  [5 5 5]]]
[0. 0. 0. 0. 0. 0. 1. 0. 0. 0. 0. 0. 0. 0. 0. 0. 0. 0.]
[[[0 0 0]
  [0 0 0]
  [0 0 0]]

 [[1 1 1]
  [1 1 1]
  [1 1 1]]

 [[2 2 2]
  [2 2 2]
  [2 2 2]]

 [[3 3 3]
  [3 3 3]
  [3 3 3]]

 [[4 4 4]
  [4 4 4]
  [4 4 4]]

 [[5 5 5]
  [5 5 5]
  [5 5 5]]]
[0. 1. 0. 0. 0. 0. 0. 0. 0. 0. 0. 0. 0. 0. 0. 0. 0. 0.]
[[[0 0 0]
  [0 0 0]
  [0 0 0]]

 [[1 1 1]
  [1 1 1]
  [1 1 1]]

 [[2 2 2]
  [2 2 2]
  [2 2 2]]

 [[3 3 3]
  [3 3 3]
  [3 3 3]]

 [[4 4 4]
  [4 4 4]
  [4 4 4]]

 [[5 5 5]
  [5 5 5]
  [5 5 5]]]
[0. 0. 0. 0. 0. 0. 0. 0. 0. 0. 0. 0. 0. 0. 0. 1. 0. 0.]
[[[0 0 0]
  [0 0 0]
  [0 0 0]]

 [[1 1 1]
  [1 1 1]
  [1 1 1]]

 [[2 2 2]
  [2 2 2]
  [2 2 2]]

 [[3 3 3]
  [3 3 3]
  [3 3 3]]

 [[4 4 4]
  [4 4 4]
  [4 4 4]]

 [[5 5 5]
  [5 5 5]
  [5 5 5]]]
[0. 0. 0. 0. 0. 0. 1. 0. 0. 0. 0. 0. 0. 0. 0. 0. 0. 0.]
x is [[[[0.]
   [0.]
   [0.]]

  [[0.]
   [0.]
   [0.]]

  [[0.]
   [0.]
   [0.]]

  [[1.]
   [1.]
   [1.]]

  [[1.]
   [1.]
   [1.]]

  [[1.]
   [1.]
   [1.]]

  [[2.]
   [2.]
   [2.]]

  [[2.]
   [2.]
   [2.]]

  [[2.]
   [2.]
   [2.]]

  [[3.]
   [3.]
   [3.]]

  [[3.]
   [3.]
   [3.]]

  [[3.]
   [3.]
   [3.]]

  [[4.]
   [4.]
   [4.]]

  [[4.]
   [4.]
   [4.]]

  [[4.]
   [4.]
   [4.]]

  [[5.]
   [5.]
   [5.]]

  [[5.]
   [5.]
   [5.]]

  [[5.]
   [5.]
   [5.]]]


 [[[0.]
   [0.]
   [0.]]

  [[0.]
   [0.]
   [0.]]

  [[0.]
   [0.]
   [0.]]

  [[1.]
   [1.]
   [1.]]

  [[1.]
   [1.]
   [1.]]

  [[1.]
   [1.]
   [1.]]

  [[2.]
   [2.]
   [2.]]

  [[2.]
   [2.]
   [2.]]

  [[2.]
   [2.]
   [2.]]

  [[3.]
   [3.]
   [3.]]

  [[3.]
   [3.]
   [3.]]

  [[3.]
   [3.]
   [3.]]

  [[4.]
   [4.]
   [4.]]

  [[4.]
   [4.]
   [4.]]

  [[4.]
   [4.]
   [4.]]

  [[5.]
   [5.]
   [5.]]

  [[5.]
   [5.]
   [5.]]

  [[5.]
   [5.]
   [5.]]]


 [[[0.]
   [0.]
   [0.]]

  [[0.]
   [0.]
   [0.]]

  [[0.]
   [0.]
   [0.]]

  [[1.]
   [1.]
   [1.]]

  [[1.]
   [1.]
   [1.]]

  [[1.]
   [1.]
   [1.]]

  [[2.]
   [2.]
   [2.]]

  [[2.]
   [2.]
   [2.]]

  [[2.]
   [2.]
   [2.]]

  [[3.]
   [3.]
   [3.]]

  [[3.]
   [3.]
   [3.]]

  [[3.]
   [3.]
   [3.]]

  [[4.]
   [4.]
   [4.]]

  [[4.]
   [4.]
   [4.]]

  [[4.]
   [4.]
   [4.]]

  [[5.]
   [5.]
   [5.]]

  [[5.]
   [5.]
   [5.]]

  [[5.]
   [5.]
   [5.]]]


 [[[0.]
   [0.]
   [0.]]

  [[0.]
   [0.]
   [0.]]

  [[0.]
   [0.]
   [0.]]

  [[1.]
   [1.]
   [1.]]

  [[1.]
   [1.]
   [1.]]

  [[1.]
   [1.]
   [1.]]

  [[2.]
   [2.]
   [2.]]

  [[2.]
   [2.]
   [2.]]

  [[2.]
   [2.]
   [2.]]

  [[3.]
   [3.]
   [3.]]

  [[3.]
   [3.]
   [3.]]

  [[3.]
   [3.]
   [3.]]

  [[4.]
   [4.]
   [4.]]

  [[4.]
   [4.]
   [4.]]

  [[4.]
   [4.]
   [4.]]

  [[5.]
   [5.]
   [5.]]

  [[5.]
   [5.]
   [5.]]

  [[5.]
   [5.]
   [5.]]]


 [[[0.]
   [0.]
   [0.]]

  [[0.]
   [0.]
   [0.]]

  [[0.]
   [0.]
   [0.]]

  [[1.]
   [1.]
   [1.]]

  [[1.]
   [1.]
   [1.]]

  [[1.]
   [1.]
   [1.]]

  [[2.]
   [2.]
   [2.]]

  [[2.]
   [2.]
   [2.]]

  [[2.]
   [2.]
   [2.]]

  [[3.]
   [3.]
   [3.]]

  [[3.]
   [3.]
   [3.]]

  [[3.]
   [3.]
   [3.]]

  [[4.]
   [4.]
   [4.]]

  [[4.]
   [4.]
   [4.]]

  [[4.]
   [4.]
   [4.]]

  [[5.]
   [5.]
   [5.]]

  [[5.]
   [5.]
   [5.]]

  [[5.]
   [5.]
   [5.]]]


 [[[0.]
   [0.]
   [0.]]

  [[0.]
   [0.]
   [0.]]

  [[0.]
   [0.]
   [0.]]

  [[1.]
   [1.]
   [1.]]

  [[1.]
   [1.]
   [1.]]

  [[1.]
   [1.]
   [1.]]

  [[2.]
   [2.]
   [2.]]

  [[2.]
   [2.]
   [2.]]

  [[2.]
   [2.]
   [2.]]

  [[3.]
   [3.]
   [3.]]

  [[3.]
   [3.]
   [3.]]

  [[3.]
   [3.]
   [3.]]

  [[4.]
   [4.]
   [4.]]

  [[4.]
   [4.]
   [4.]]

  [[4.]
   [4.]
   [4.]]

  [[5.]
   [5.]
   [5.]]

  [[5.]
   [5.]
   [5.]]

  [[5.]
   [5.]
   [5.]]]


 [[[0.]
   [0.]
   [0.]]

  [[0.]
   [0.]
   [0.]]

  [[0.]
   [0.]
   [0.]]

  [[1.]
   [1.]
   [1.]]

  [[1.]
   [1.]
   [1.]]

  [[1.]
   [1.]
   [1.]]

  [[2.]
   [2.]
   [2.]]

  [[2.]
   [2.]
   [2.]]

  [[2.]
   [2.]
   [2.]]

  [[3.]
   [3.]
   [3.]]

  [[3.]
   [3.]
   [3.]]

  [[3.]
   [3.]
   [3.]]

  [[4.]
   [4.]
   [4.]]

  [[4.]
   [4.]
   [4.]]

  [[4.]
   [4.]
   [4.]]

  [[5.]
   [5.]
   [5.]]

  [[5.]
   [5.]
   [5.]]

  [[5.]
   [5.]
   [5.]]]


 [[[0.]
   [0.]
   [0.]]

  [[0.]
   [0.]
   [0.]]

  [[0.]
   [0.]
   [0.]]

  [[1.]
   [1.]
   [1.]]

  [[1.]
   [1.]
   [1.]]

  [[1.]
   [1.]
   [1.]]

  [[2.]
   [2.]
   [2.]]

  [[2.]
   [2.]
   [2.]]

  [[2.]
   [2.]
   [2.]]

  [[3.]
   [3.]
   [3.]]

  [[3.]
   [3.]
   [3.]]

  [[3.]
   [3.]
   [3.]]

  [[4.]
   [4.]
   [4.]]

  [[4.]
   [4.]
   [4.]]

  [[4.]
   [4.]
   [4.]]

  [[5.]
   [5.]
   [5.]]

  [[5.]
   [5.]
   [5.]]

  [[5.]
   [5.]
   [5.]]]


 [[[0.]
   [0.]
   [0.]]

  [[0.]
   [0.]
   [0.]]

  [[0.]
   [0.]
   [0.]]

  [[1.]
   [1.]
   [1.]]

  [[1.]
   [1.]
   [1.]]

  [[1.]
   [1.]
   [1.]]

  [[2.]
   [2.]
   [2.]]

  [[2.]
   [2.]
   [2.]]

  [[2.]
   [2.]
   [2.]]

  [[3.]
   [3.]
   [3.]]

  [[3.]
   [3.]
   [3.]]

  [[3.]
   [3.]
   [3.]]

  [[4.]
   [4.]
   [4.]]

  [[4.]
   [4.]
   [4.]]

  [[4.]
   [4.]
   [4.]]

  [[5.]
   [5.]
   [5.]]

  [[5.]
   [5.]
   [5.]]

  [[5.]
   [5.]
   [5.]]]


 [[[0.]
   [0.]
   [0.]]

  [[0.]
   [0.]
   [0.]]

  [[0.]
   [0.]
   [0.]]

  [[1.]
   [1.]
   [1.]]

  [[1.]
   [1.]
   [1.]]

  [[1.]
   [1.]
   [1.]]

  [[2.]
   [2.]
   [2.]]

  [[2.]
   [2.]
   [2.]]

  [[2.]
   [2.]
   [2.]]

  [[3.]
   [3.]
   [3.]]

  [[3.]
   [3.]
   [3.]]

  [[3.]
   [3.]
   [3.]]

  [[4.]
   [4.]
   [4.]]

  [[4.]
   [4.]
   [4.]]

  [[4.]
   [4.]
   [4.]]

  [[5.]
   [5.]
   [5.]]

  [[5.]
   [5.]
   [5.]]

  [[5.]
   [5.]
   [5.]]]], y is [[0. 0. 0. 0. 0. 1. 0. 0. 0. 0. 0. 0. 0. 0. 0. 0. 0. 0.]
 [0. 0. 0. 0. 0. 0. 0. 0. 0. 0. 0. 0. 1. 0. 0. 0. 0. 0.]
 [0. 0. 0. 0. 0. 0. 1. 0. 0. 0. 0. 0. 0. 0. 0. 0. 0. 0.]
 [1. 0. 0. 0. 0. 0. 0. 0. 0. 0. 0. 0. 0. 0. 0. 0. 0. 0.]
 [0. 0. 0. 0. 0. 0. 0. 0. 0. 0. 0. 1. 0. 0. 0. 0. 0. 0.]
 [0. 0. 0. 0. 0. 0. 0. 1. 0. 0. 0. 0. 0. 0. 0. 0. 0. 0.]
 [0. 0. 0. 0. 0. 0. 1. 0. 0. 0. 0. 0. 0. 0. 0. 0. 0. 0.]
 [0. 1. 0. 0. 0. 0. 0. 0. 0. 0. 0. 0. 0. 0. 0. 0. 0. 0.]
 [0. 0. 0. 0. 0. 0. 0. 0. 0. 0. 0. 0. 0. 0. 0. 1. 0. 0.]
 [0. 0. 0. 0. 0. 0. 1. 0. 0. 0. 0. 0. 0. 0. 0. 0. 0. 0.]]
